18 4
4 -0.096328 0.015033 -0.124023 0.037740
2 -0.005107 -0.076085 -0.015530 -0.121701
0 -0.079338 -0.061046 0.070711 -0.098288
1 -0.045054 0.088438 -0.095278 0.017000
3 0.081699 -0.053643 0.093927 0.113183
13 -0.116904 0.080251 0.040152 -0.007332
15 0.116218 -0.067970 -0.096948 0.068824
7 0.019518 0.007830 0.077121 -0.110801
11 -0.016275 -0.095263 -0.010764 0.122768
10 -0.047604 0.096730 0.063339 -0.012514
12 0.104477 -0.014931 -0.010410 -0.073969
16 -0.040806 -0.079767 0.056943 0.105898
6 0.053468 0.029320 0.101852 0.043003
17 -0.041787 -0.015280 -0.101139 -0.052386
14 -0.074446 0.063274 0.052328 0.015327
5 0.059373 0.109722 -0.090119 -0.024692
8 -0.048313 0.033831 0.098696 -0.003462
9 0.122712 0.084016 -0.018306 0.035848
