18 4
1 -0.048746 0.050183 0.058202 0.088649
4 -0.026951 0.115347 -0.047540 -0.036772
3 0.041147 0.063347 -0.098037 -0.113081
9 0.019397 -0.066982 0.106171 -0.084488
2 -0.068125 -0.081188 -0.012957 -0.008222
0 -0.019449 0.095254 0.049158 -0.042727
8 -0.057126 -0.078474 -0.027210 0.022903
10 0.106208 -0.011578 -0.071400 0.032240
7 0.100088 0.038920 -0.088145 0.058164
6 0.062121 -0.063920 0.072864 -0.097006
12 0.029222 -0.023446 0.100677 0.115226
5 -0.079413 -0.071079 -0.092417 0.049167
15 -0.027285 0.034544 0.001183 -0.085740
14 -0.028297 -0.072017 0.106409 -0.099633
11 -0.108480 0.031231 -0.050618 0.054596
13 -0.053190 -0.101716 0.109330 0.038307
16 0.079739 -0.124210 -0.043636 0.100374
17 0.040844 -0.057399 0.094315 -0.036372
