18 3
3 0.030765 0.161752 0.146014
4 0.047410 0.113012 0.054508
2 -0.039213 -0.005803 0.131932
1 0.141531 -0.076126 -0.131349
9 0.146825 0.125551 -0.024572
0 -0.053496 -0.050678 0.102898
5 -0.045243 -0.160376 0.052173
6 -0.116309 0.046399 0.063865
7 0.003335 0.013226 0.159983
13 0.125093 -0.144450 -0.146973
11 -0.142810 -0.084660 0.003263
8 0.054295 0.036766 0.135920
17 0.092439 0.020300 -0.052813
10 -0.004886 0.118940 0.052291
14 -0.103459 -0.132611 0.048108
12 0.127140 -0.021927 0.083466
16 -0.025024 0.152597 -0.138496
15 0.161474 -0.043753 0.060137
