18 4
4 0.113699 -0.071863 0.041609 0.102581
3 0.113357 0.101987 0.054840 0.028377
0 0.121654 -0.106886 -0.118057 0.006340
9 0.096589 -0.118767 0.114229 0.005848
1 -0.021536 0.041937 0.025482 0.114759
2 -0.115363 -0.110624 0.080092 0.088440
11 -0.119105 -0.045756 0.018398 0.058200
8 0.050096 -0.095825 -0.068208 -0.114718
7 0.029734 0.052467 0.029547 -0.053046
15 0.058662 -0.090191 -0.018479 0.012232
10 0.077226 -0.039520 -0.003392 -0.107229
17 -0.084946 -0.052089 -0.038766 0.044277
16 0.011805 -0.040959 -0.110020 -0.118430
14 0.071400 0.078556 0.028067 0.076200
5 -0.078989 -0.084166 0.040000 -0.064778
6 -0.073185 0.089011 -0.007606 -0.082581
12 0.024754 0.036435 -0.021659 -0.062176
13 -0.040428 0.088655 -0.064611 0.067170
